6816221408
-11675028661
-9155991
4503716883
3267103473
-5362265102
-11963399301
5401916563
-2970222632
-14146730539
7845618555
6099807424
2915475150
7013598549
3081474176
-9957810421
2148342252
4476073158
-14789223775
918462088
-6610892444
-4614675140
8323649759
-1527902034
5629970065
-17151164943
9785513808
10276699670
26098410168
631185012
-15212046013
-1890885987
21952771401
6904317882
-11585143633
34284529
1495195135
4464361450
2245801115
6525915449
-4227022506
-4829778008
2250651470
-1761506415
7660925530
21713688970
5751158938
2950632083
2013109107
-16035330064
12530830911
7476800242
-15430828310
3947091849
-5162480799
-7631241840
-7545010688
-2948613421
-756119113
-1853091622
-13543449135
3576528280
829499292
6653137725
11135861915
4740150878
-1047094475
2742768255
6019217355
1130062776