18500,15298,14606,16170,12493,13604,19264,12223,13542,12375,16610,9846,12702,15559,12350,18593,17259,15926,12466,18033,12294,12726,
19018,18027,18793,10275,11918,11692,14436,19237,13039,12916,10391,12811,12079,18532,13615,16830,13177,10317,13300,19532,11436,14799,15660,14297,15129,19866,16596,11323,12155,12874,13786,14332,14879,14676,15860,17661,
12239,18510,10869,14756,11819,11410,15944,14633,13626,14442,15669,18098,14442,12988,
11344,14159,12100,17055,12282,11175,17796,16490,18593,13504,15014,16907,13707,17781,10036,17398,11411,19224,10422,10623,10260,13827,16537,
11151,19846,9921,18075,9780,18241,15657,10874,13863,19516,11196,16849,17335,
14529,15791,14717,19233,18209,10378,18136,16626,9870,17622,17738,14598,15675,9629,15226,15560,
15376,17690,9977,15588,15552,14829,13199,18409,13120,9881,16609,15958,11944,17007,9954,14175,10021,13234,18787,15434,17180,14661,10227,13889,
10636,14056,16326,17752,14160,10078,10032,11032,17474,12264,10569,10357,16897,10126,14995,
10336,13253,18781,10022,15599,10387,9983,10787,15576,14495,10409,18971,19788,10347,14759,16766,16643,9918,13069,13985,16371,18757,14067,13226,16667,13041,18695,14325,10284,10102,16036,19152,17902,12216,14360,10461,16870,13166,15107,
17305,13467,11580,12518,12397,9888,10005,14750,17639,11928,12531,16663,15971,17904,10717,14807,16831,18856,11893,19942,18220,11270,19863,12880,15222,14992,18057,12588,10073,12319,14177,16036,11306,16690,15651,13270,15170,10967,
15546,19509,12787,14915,16086,9778,16707,14641,12370,19161,12327,10144,19750,12950,13110,10564,14766,18715,10973,13824,10816,10405,14531,12865,
11279,19802,11354,19634,17242,10930,9774,11391,13657,10982,14540,18098,19125,18627,19216,12146,16937,19638,11744,16412,13828,12713,16068,19424,18356,11711,14502,16939,14471,11789,18649,16041,9637,10609,17551,15389,18558,13657,10464,9932,16530,15900,15270,15111,13565,13729,17128,16863,
11615,17030,11821,12725,14284,18598,13722,17259,16390,14314,16950,18427,17773,18709,19645,12936,18837,19581,16308,19728,13558,17432,16546,
18433,17198,19096,12138,14894,16868,14327,18291,19593,15215,19348,19299,11743,15303,19992,12820,17514,17003,17419,10390,17841,18762,14467,15531,16596,11367,10754,11284,14984,12284,9704,15366,17443,10803,14576,13166,17897,17837,18058,16283,15776,15158,17498,17361,11932,12333,17799,
12991,11733,11292,17338,19249,17114,18992,9973,19899,15138,14038,12938,10106,12421,13713,15006,14961,15290,16049,13160,10272,12669,14439,17685,17809,16843,9678,
13431,16508,19113,14571,12777,15202,14314,11359,17576,12456,15679,14847,11415,11980,11423,16578,11957,15407,15438,12279,
17054,10068,19957,19737,17090,12248,14529,13223,19470,13982,19715,14313,17342,14817,18148,13134,14466,9811,13723,17636,18674,12841,15245,17650,18429,18648,13408,17519,15519,13929,14134,17680,12807,9687,13819,19354,
15394,16594,17069,15016,9983,17658,13773,13292,14250,17741,14914,13534,12154,10546,12607,10331,14047,13778,18420,16068,14812,18036,
11619,13987,19907,14397,14266,13010,13184,14513,18019,11461,12368,13008,15799,18175,16355,10092,13505,
19542,19441,9927,10438,9783,17242,10060,10777,17577,12363,17070,11139,
15732,19768,14261,11661,14082,14489,17531,11891,16565,18456,10713,12912,11227,17669,17765,10131,15790,19531,10729,12502,15513,16868,
14133,14625,12243,14492,16398,17544,10954,17992,12933,19296,19851,12939,16353,12627,17798,15028,15858,11052,16099,
11109,14212,13614,13924,10721,12969,11612,16255,12109,18243,13554,17813,9677,10355,14876,13838,15896,14231,11616,12025,19021,11698,18558,
19184,19611,18278,13917,14038,12437,18244,16566,14888,15776,15792,11231,10557,9883,17149,13472,9795,18445,15170,17926,15431,9779,17688,18384,18111,9686,17489,12725,17724,12276,9615,9990,9769,11967,18455,17020,10534,11853,19454,16051,17984,16399,
16332,19959,12806,13615,16457,10420,19250,17722,19957,13905,14152,14578,17767,16731,15696,12507,17170,15203,10669,17656,17076,18501,13426,14263,18826,17855,11192,
11111,10140,14061,18409,13541,13482,13356,16611,11583,17316,15597,19188,16857,12084,16507,19071,18985,10409,16529,12014,16477,13245,10521,10934,11890,16678,12144,16005,9764,17573,16347,18622,9611,17041,13094,18592,16662,16765,12804,12044,
14033,18417,19943,19107,9783,15091,12182,
16090,11489,12702,18140,19923,14778,19981,10029,10073,11701,19635,16333,13864,11041,9869,17462,19129,16351,14462,11277,17273,18209,10322,13071,
14645,14286,14088,17257,11157,13932,10288,17993,11570,16307,11947,10933,15124,16900,19771,14775,17421,14860,18412,9873,15124,12249,18242,15153,9932,15260,17507,12210,10408,
9646,17587,17731,11286,10695,9636,19959,11519,11217,11449,14170,19960,19916,19873,16787,10853,19969,11875,14653,12727,17871,19619,17920,13910,19306,16181,17848,12919,
17076,17357,17691,14932,12610,18194,14215,10633,12967,19358,14942,16313,10470,14552,16784,14526,18100,11930,11923,9973,19614,15280,17218,18095,18972,15910,10549,9680,
14184,19070,13777,12136,18887,12890,17223,11188,11583,15228,16118,9889,15155,17590,12223,10171,15257,18250,10136,13691,12103,18930,10210,11883,12820,19724,17623,9710,13055,12212,12893,12269,
11213,17707,19057,16621,19684,15771,12928,11335,9869,19462,15002,10542,18840,16927,17865,18203,19904,14971,
18748,17345,18212,11645,12249,19804,12871,15065,17868,19879,10189,13026,19132,12377,14896,10449,11593,13605,11283,12841,14400,12614,10239,9618,9825,13712,15340,
14677,17129,13599,13479,14765,13537,9739,11375,10665,13159,10460,19439,19113,16272,18984,15723,10388,19957,19620,18888,18156,16861,15266,19229,15865,13235,18252,13294,15291,14323,13870,17455,16222,14623,14359,19563,17561,18979,18327,17675,11219,18621,19186,
11829,19344,9957,10886,13147,12891,17297,15639,13006,10695,15455,17903,15557,10914,18961,15464,13009,15396,12636,13977,16104,19651,12750,11540,17338,13293,16716,17379,16594,15810,16601,14383,16948,19514,11276,11005,11419,9913,12348,
10652,16952,14895,19529,14479,19433,12231,18398,13486,18582,17373,16902,11378,17509,13398,18790,14663,10402,14742,10073,9721,17323,13688,10053,18425,12045,12845,13032,
18512,16346,11633,15066,18831,18328,12548,16546,10362,14742,15888,11601,13560,13431,11014,18516,11713,12618,18005,13897,18316,18424,13570,17061,16829,15269,12653,16061,12174,
10412,14238,15071,17435,16344,12021,14574,13610,12647,15974,14172,10945,11227,16936,19572,12632,
14198,16747,19841,10370,19082,10119,18129,19131,16592,14053,11484,18887,18400,9672,16683,
15717,10508,17360,11588,17451,17405,15491,10995,10882,10769,10048,15565,16775,17986,15756,13526,12475,14883,17494,17526,
17129,19075,14197,14485,11516,9879,18442,14352,19928,13657,9882,15360,16731,9740,12347,10529,15378,
16455,19095,16183,9994,11351,18447,10021,19827,12352,18584,10040,10584,13850,13515,18116,17796,12646,14402,16677,15392,12541,11399,15425,17318,13629,12387,9971,15104,13402,10569,
10821,16017,9637,15433,16791,10790,16348,16046,11468,14211,19525,16715,15768,19921,12539,9741,18289,10677,16314,12864,13452,15297,17143,14826,10702,15283,15213,13971,17942,15857,11684,9972,11811,18843,
12368,14947,17740,9873,15955,14030,19604,18530,14262,12086,11503,19468,15795,12123,10555,19843,19089,15770,14445,16408,19487,14827,10168,16766,18483,19466,11465,10165,13743,16585,18437,16785,10694,11398,13101,12664,17324,14525,16787,19405,
15338,19807,11493,12786,19084,11618,17344,13307,19950,15318,15576,15835,18704,11861,18752,12634,17318,14158,16969,19780,18331,16882,16762,16642,11970,17395,15382,12149,16265,17152,18040,18932,11772,16885,
14981,13739,14636,18768,17553,12571,16634,18109,
12605,12760,17191,18316,13467,13222,11526,15226,13881,9848,11510,19268,12748,14046,16711,15814,11049,12075,16060,17296,16120,
11104,10312,14200,17591,11497,17327,11471,16739,11448,9728,17574,10138,15963,18070,16444,13401,19539,10717,10956,17781,10551,18065,13425,11223,16948,
19583,11619,19030,17069,16019,13267,14392,15869,10696,10791,13420,17053,19458,17483,19055,15449,11506,13085,14343,15602,13506,13860,10061,10988,10799,14240,10794,
18203,11740,18541,11518,9814,12074,14968,11507,13625,14301,13813,19674,9680,9746,13170,10992,9692,17600,9998,15788,16425,16378,9634,13335,18183,13685,19931,14368,18740,11404,
18162,16893,16498,18255,19880,13029,10326,13647,11068,14819,12054,10142,12710,15248,14657,17635,14288,12745,16180,11815,13532,15434,18751,15955,17686,12930,19449,19496,11921,14162,15959,12716,14401,13604,14666,14752,12814,19117,12440,9899,13125,11228,12620,14013,10499,10333,13643,
13349,16458,11984,12630,12151,11611,15485,11658,9950,10978,14515,18052,12508,18153,14607,19316,9649,13766,17884,10790,15504,10028,14128,16468,14858,15794,17847,13557,10244,17478,13285,9709,12360,14502,18639,15211,12708,17491,18510,
19334,11689,13559,16506,19862,16096,14265,11166,17973,12570,14388,9838,17531,18256,15074,18573,
14632,19937,15697,19713,14299,17590,15145,10174,16421,12476,10082,13261,9908,15277,17086,19325,17072,12244,15243,10332,18359,16511,15300,12173,13552,11602,
18057,10320,19209,13419,11009,10408,13447,14887,14161,14550,18307,16153,14000,11893,16481,19694,11354,18280,14961,11643,13438,14366,13146,13828,16042,17771,13989,17628,19126,13479,
17539,12225,14941,11510,10342,14037,14346,15376,10456,11553,12651,14090,19748,9860,13488,19912,11731,15581,13023,10466,13031,19335,17507,15680,11709,11957,12206,15215,15442,18914,18942,18971,18830,12375,14617,12788,13234,14911,12154,15716,13161,
14566,16659,17145,16362,12969,12666,16892,10185,12961,14631,17449,18378,11787,14582,15767,9743,14503,14068,11368,13496,17165,16011,13674,
14710,12266,18290,14913,10302,13623,14418,19411,12537,15221,17905,10079,11054,16889,11988,19599,13391,19027,
17488,12727,13781,13175,10453,16271,10445,10788,14124,19636,15812,9786,12543,
17325,16865,16506,11441,17976,14472,9774,10038,10843,11649,13174,10363,18434,14626,19616,13890,19449,18593,17452,16926,18479,15891,19042,18951,18860,19002,10786,16260,18111,12056,14549,18070,15539,17613,11185,15294,18756,18008,11561,17852,17070,16288,16723,11083,15947,17688,17074,
10032,16904,12502,19643,10796,11743,15790,13170,17270,11730,11339,10949,16005,16049,10439,9840,14851,16940,15683,13183,18938,
16760,11099,19399,11577,18852,18419,11296,11031,14381,12532,10684,12487,18890,15471,17584,15477,13370,10297,19997,17536,16902,13980,11769,18784,11237,19081,15730,16596,17463,11967,10132,11137,12142,16142,18371,11779,18930,15370,18926,11605,
17036,17269,14617,13596,13245,15467,10128,11722,14829,14200,15951,14400,12887,19472,16482,17860,16795,15730,11098,11729,11882,17936,19453,15987,10848,18811,16204,13845,19600,15470,11340,12481,16919,9921,18248,18907,17190,
10014,13199,18344,12800,19500,16654,18530,12945,15322,11599,19732,14687,15252,15599,14716,13833,10366,12304,10670,17597,12712,12971,17907,18620,16051,10110,
11486,17875,13457,17227,11410,12736,16470,15044,12637,17248,14034,15037,15192,17082,13482,9882,16919,15149,10932,9676,11171,16161,11084,10713,18276,13371,19770,11436,11361,11286,14351,14150,17918,17584,18864,15409,11954,13472,16271,11693,14209,
18334,11080,13248,15400,16138,18391,16931,16330,11969,10234,13909,13212,15201,15069,14412,18546,12090,13453,10583,16977,10805,16646,18134,19623,14389,19438,11369,18324,18799,
15395,11488,15982,15171,13551,19172,12521,14762,17036,11059,14641,16198,15287,14377,17209,14789,16997,
18102,13303,15065,16844,14792,15971,17150,17932,18522,18941,18621,14918,11216,10447,13308,10847,19188,11733,13034,19205,19338,17102,14867,13369,18484,13819,19373,17165,10902,10974,13533,11098,16046,10671,18732,17321,18626,
16557,17159,11354,11710,10534,15878,13834,19233,11024,13530,12517,13854,15656,17724,16422,9883,19283,16250,10522,18307,13447,18568,14259,16234,10706,19679,16308,12937,13136,16213,14354,
14981,17592,15840,17644,18069,10581,18376,15335,12294,11517,19911,15667,14404,17775,16816,15858,11992,16513,14909,11721,16819,17294,15612,15910,11080,19491,9820,19423,12499,12708,
16229,18176,14220,17564,15153,11538,18780,19069,12403,9946,18858,15127,16737,16143,
10109,17488,10764,12742,11187,19044,16755,17864,14790,13754,11045,11596,10908,12274,13630,19327,16001,14353,11553,14336,19764,11249,10145,15991,
13226,12363,12266,17397,11619,11402,15512,19622,19177,17151,9867,12979,16091,13471,16801,19790,15103,13273,17476,18750,16720,12851,14658,17677,10268,15464,15626,13883,12627,17320,
17120,16338,13210,18555,17423,13993,10177,11131,17508,13810,10113,15973,13503,14789,10522,12817,12910,10659,19105,15802,14768,12899,14302,17008,19714,10776,15469,11299,19914,13652,
